<?xml version="1.0" encoding="UTF-8" standalone="no" ?>
<SimMechanicsImportXML version="1.0" xmlns="urn:mathworks:simmechanics:import" xmlns:xsi="http://www.w3.org/2001/XMLSchema-instance">
<Created by="" on="12/01/16||18:46:06" using="SimMechanics Link Version 4.6" from="SolidWorks 24.3.0"/>
<ModelUnits mass="kilogram" length="millimeter"/>
<DataUnits mass="kilogram" length="meter"/>
<RootAssembly name="TestBenchAssembly" uid="TestBenchAssembly" version="197">
<AssemblyFile name="TestBenchAssembly.SLDASM" type="SolidWorks Assembly"/>
<InstanceTree>
<Instance name="StepperMotorClampAssembly-1" uid="StepperMotorClampAssembly-1" entityUid="StepperMotorClampAssembly" rigid="true">
<Transform>
<Rotation>-0.86602540378444015 0 0.49999999999999745 0 1 0 -0.49999999999999745 0 -0.86602540378444015</Rotation>
<Translation>0.11344418274239824 0.12156987637390748 0.35389635116601081</Translation>
</Transform>
<Instance name="MotorClamp-1" uid="MotorClamp-1" grounded="true" entityUid="MotorClamp*:*Default">
<Transform>
<Rotation>1 0 0 0 1 0 0 0 1</Rotation>
<Translation>0.027909169337594963 0.045383871971024836 0.096148251365257342</Translation>
</Transform>
</Instance>
<Instance name="Nema23StepperMotor-1" uid="Nema23StepperMotor-1" entityUid="Nema23StepperMotor" rigid="true">
<Transform>
<Rotation>1 0 0 0 1 0 0 0 1</Rotation>
<Translation>0.0067678413732886189 0.0092699002788009521 0.0085982285712020434</Translation>
</Transform>
<Instance name="MotorBody-1" uid="MotorBody-1" grounded="true" entityUid="MotorBody*:*Default">
<Transform>
<Rotation>1 0 0 0 1 0 0 0 1</Rotation>
<Translation>0.0211413279643064 0.036113971692223884 0.050050022794055293</Translation>
</Transform>
</Instance>
<Instance name="MotorFront-1" uid="MotorFront-1" entityUid="MotorFront*:*Default">
<Transform>
<Rotation>1 0 0 0 1 0 0 0 1</Rotation>
<Translation>0.021141327964306345 0.036113971692223884 0.082550022794055294</Translation>
</Transform>
</Instance>
<Instance name="MotorShaft-1" uid="MotorShaft-1" entityUid="MotorShaft*:*Default">
<Transform>
<Rotation>0.99941550846496285 -0.03418539804828849 0 0.03418539804828849 0.99941550846496285 0 0 0 1</Rotation>
<Translation>0.021141327964306345 0.036113971692223884 0.061050022794055275</Translation>
</Transform>
</Instance>
<Instance name="MotorRear-1" uid="MotorRear-1" entityUid="MotorRear*:*Default">
<Transform>
<Rotation>1 0 0 0 1 0 0 0 1</Rotation>
<Translation>0.021141327964306345 0.036113971692223884 0.017550022794055237</Translation>
</Transform>
</Instance>
</Instance>
</Instance>
<Instance name="TestBenchChassis-1" uid="TestBenchChassis-1" grounded="true" entityUid="TestBenchChassis*:*Default">
<Transform>
<Rotation>1 0 0 0 1 0 0 0 1</Rotation>
<Translation>0.16309697008611218 0.12745374834493234 0.3373588943768504</Translation>
</Transform>
</Instance>
<Instance name="StepperMotorClampAssembly-3" uid="StepperMotorClampAssembly-3" entityUid="StepperMotorClampAssembly" rigid="true">
<Transform>
<Rotation>0.86602540378443793 0 0.50000000000000133 0 1 0 -0.50000000000000133 0 0.86602540378443793</Rotation>
<Translation>0.15360150606456874 0.12156987637390751 0.25144857462253001</Translation>
</Transform>
<Instance name="MotorClamp-1" uid="MotorClamp-1" grounded="true" entityUid="MotorClamp*:*Default">
<Transform>
<Rotation>1 0 0 0 1 0 0 0 1</Rotation>
<Translation>0.027909169337594991 0.045383871971024836 0.096148251365257287</Translation>
</Transform>
</Instance>
<Instance name="Nema23StepperMotor-1" uid="Nema23StepperMotor-1" entityUid="Nema23StepperMotor" rigid="true">
<Transform>
<Rotation>1 0 0 0 1 0 0 0 1</Rotation>
<Translation>0.0067678413732886189 0.0092699002788009521 0.0085982285712020157</Translation>
</Transform>
<Instance name="MotorBody-1" uid="MotorBody-1" grounded="true" entityUid="MotorBody*:*Default">
<Transform>
<Rotation>1 0 0 0 1 0 0 0 1</Rotation>
<Translation>0.021141327964306372 0.036113971692223884 0.050050022794055238</Translation>
</Transform>
</Instance>
<Instance name="MotorFront-1" uid="MotorFront-1" entityUid="MotorFront*:*Default">
<Transform>
<Rotation>1 0 0 0 1 0 0 0 1</Rotation>
<Translation>0.021141327964306372 0.036113971692223884 0.082550022794055267</Translation>
</Transform>
</Instance>
<Instance name="MotorShaft-1" uid="MotorShaft-1" entityUid="MotorShaft*:*Default">
<Transform>
<Rotation>0.99941550846496297 -0.03418539804828849 0 0.03418539804828849 0.99941550846496285 0 0 0 1</Rotation>
<Translation>0.021141327964306372 0.036113971692223884 0.061050022794055248</Translation>
</Transform>
</Instance>
<Instance name="MotorRear-1" uid="MotorRear-1" entityUid="MotorRear*:*Default">
<Transform>
<Rotation>1 0 0 0 1 0 0 0 1</Rotation>
<Translation>0.021141327964306372 0.036113971692223884 0.017550022794055264</Translation>
</Transform>
</Instance>
</Instance>
</Instance>
<Instance name="TwoOmniWheelAxleAssembly-3" uid="TwoOmniWheelAxleAssembly-3" entityUid="TwoOmniWheelAxleAssembly" rigid="true">
<Transform>
<Rotation>0.77500095876250019 -0.15612019061351848 -0.61237243569579802 -0.44862149822613651 0.54656998758561659 -0.70710678118654446 0.44509804003898096 0.8227318729412747 0.35355339059327412</Rotation>
<Translation>0.29977420294374202 0.21357160291682198 0.26527841862352386</Translation>
</Transform>
<Instance name="OmniWheel-1" uid="OmniWheel-1" entityUid="OmniWheel" rigid="true">
<Transform>
<Rotation>1 0 0 0 1 0 0 0 1</Rotation>
<Translation>-0.028526873005923381 -0.031591046780220844 -0.032238314471320056</Translation>
</Transform>
<Instance name="RollerAxleSubAssembly-2" uid="RollerAxleSubAssembly-2" entityUid="RollerAxleSubAssembly" rigid="true">
<Transform>
<Rotation>1.6653345369377348e-016 -0.17364817766693502 -0.98480775301220735 0 0.98480775301220747 -0.17364817766693508 1 1.1102230246251565e-016 0</Rotation>
<Translation>0.057731387649937793 0.094924087907562016 0.052754160221359842</Translation>
</Transform>
<Instance name="RollerAxle-1" uid="RollerAxle-1" grounded="true" entityUid="RollerAxle*:*Default">
<Transform>
<Rotation>1 0 0 0 1 0 0 0 1</Rotation>
<Translation>0.0083963948001900823 0.012167300683155857 0.0164550987266327</Translation>
</Transform>
</Instance>
<Instance name="OmniRoller-1" uid="OmniRoller-1" entityUid="OmniRoller*:*Default">
<Transform>
<Rotation>0.88597744727858896 0.46372832878067183 0 -0.46372832878067177 0.88597744727858918 0 0 0 0.99999999999999978</Rotation>
<Translation>0.0083963948001900823 0.012167300683155857 0.0164550987266327</Translation>
</Transform>
</Instance>
<Instance name="RollerWasher-1" uid="RollerWasher-1" entityUid="RollerWasher*:*Default">
<Transform>
<Rotation>1 0 0 0 1 0 0 0 1</Rotation>
<Translation>0.0083963948001900823 0.012167300683155857 0.024955098726632707</Translation>
</Transform>
</Instance>
<Instance name="RollerWasher-2" uid="RollerWasher-2" entityUid="RollerWasher*:*Default">
<Transform>
<Rotation>1 0 0 0 1 0 0 0 1</Rotation>
<Translation>0.0083963948001901101 0.012167300683155857 0.0074550987266327473</Translation>
</Transform>
</Instance>
</Instance>
<Instance name="RollerAxleSubAssembly-4" uid="RollerAxleSubAssembly-4" entityUid="RollerAxleSubAssembly" rigid="true">
<Transform>
<Rotation>0 0.93969262078590843 -0.34202014332566871 1.1102230246251563e-016 0.34202014332566871 0.93969262078590843 1 -1.1621699257559074e-016 0</Rotation>
<Translation>0.081948486176718127 0.056515495880894329 0.052754160221359814</Translation>
</Transform>
<Instance name="RollerAxle-1" uid="RollerAxle-1" grounded="true" entityUid="RollerAxle*:*Default">
<Transform>
<Rotation>1 0 0 0 1 0 0 0 1</Rotation>
<Translation>0.0083963948001900823 0.012167300683155857 0.016455098726632728</Translation>
</Transform>
</Instance>
<Instance name="OmniRoller-1" uid="OmniRoller-1" entityUid="OmniRoller*:*Default">
<Transform>
<Rotation>0.88597744727858929 0.46372832878067194 0 -0.46372832878067177 0.88597744727858907 0 1.5699247457590104e-016 0 0.99999999999999989</Rotation>
<Translation>0.0083963948001900823 0.012167300683155857 0.016455098726632728</Translation>
</Transform>
</Instance>
<Instance name="RollerWasher-1" uid="RollerWasher-1" entityUid="RollerWasher*:*Default">
<Transform>
<Rotation>1 0 0 0 1 0 0 0 1</Rotation>
<Translation>0.0083963948001900546 0.012167300683155857 0.024955098726632735</Translation>
</Transform>
</Instance>
<Instance name="RollerWasher-2" uid="RollerWasher-2" entityUid="RollerWasher*:*Default">
<Transform>
<Rotation>1 0 0 0 1 0 0 0 1</Rotation>
<Translation>0.0083963948001900823 0.012167300683155857 0.0074550987266327473</Translation>
</Transform>
</Instance>
</Instance>
<Instance name="OmniFrame-1" uid="OmniFrame-1" grounded="true" entityUid="OmniFrame*:*Default">
<Transform>
<Rotation>1 0 0 0 1 0 0 0 1</Rotation>
<Translation>0.046953148146194779 0.061289384808479008 0.056150555021549892</Translation>
</Transform>
</Instance>
<Instance name="RollerAxleSubAssembly-1" uid="RollerAxleSubAssembly-1" entityUid="RollerAxleSubAssembly" rigid="true">
<Transform>
<Rotation>-2.2204460492503131e-016 0.76604444311898157 -0.64278760968653526 0 -0.64278760968653526 -0.76604444311898157 -1 -1.8041124150158794e-016 0</Rotation>
<Translation>0.014948402064887817 0.10962516126565436 0.069546949821739978</Translation>
</Transform>
<Instance name="RollerAxle-1" uid="RollerAxle-1" grounded="true" entityUid="RollerAxle*:*Default">
<Transform>
<Rotation>1 0 0 0 1 0 0 0 1</Rotation>
<Translation>0.0083963948001901101 0.012167300683155829 0.016455098726632755</Translation>
</Transform>
</Instance>
<Instance name="OmniRoller-1" uid="OmniRoller-1" entityUid="OmniRoller*:*Default">
<Transform>
<Rotation>0.88597744727858907 0.46372832878067177 0 -0.46372832878067177 0.88597744727858907 0 0 0 0.99999999999999978</Rotation>
<Translation>0.0083963948001901101 0.012167300683155829 0.016455098726632755</Translation>
</Transform>
</Instance>
<Instance name="RollerWasher-1" uid="RollerWasher-1" entityUid="RollerWasher*:*Default">
<Transform>
<Rotation>1 0 0 0 1 0 0 0 1</Rotation>
<Translation>0.0083963948001901656 0.012167300683155836 0.024955098726632763</Translation>
</Transform>
</Instance>
<Instance name="RollerWasher-2" uid="RollerWasher-2" entityUid="RollerWasher*:*Default">
<Transform>
<Rotation>1 0 0 0 1 0 0 0 1</Rotation>
<Translation>0.0083963948001901101 0.012167300683155829 0.0074550987266326918</Translation>
</Transform>
</Instance>
</Instance>
<Instance name="RollerAxleSubAssembly-3" uid="RollerAxleSubAssembly-3" entityUid="RollerAxleSubAssembly" rigid="true">
<Transform>
<Rotation>0 0.50000000000000011 -0.8660254037844386 1.1102230246251563e-016 0.8660254037844386 0.50000000000000011 1 -1.3778149774262176e-016 0</Rotation>
<Translation>0.07682972903221863 0.080126943406248041 0.052754160221359786</Translation>
</Transform>
<Instance name="RollerAxle-1" uid="RollerAxle-1" grounded="true" entityUid="RollerAxle*:*Default">
<Transform>
<Rotation>1 0 0 0 1 0 0 0 1</Rotation>
<Translation>0.0083963948001901101 0.012167300683155857 0.016455098726632714</Translation>
</Transform>
</Instance>
<Instance name="OmniRoller-1" uid="OmniRoller-1" entityUid="OmniRoller*:*Default">
<Transform>
<Rotation>0.88597744727858907 0.46372832878067194 0 -0.46372832878067194 0.88597744727858929 0 1.0972125985553305e-016 0 1</Rotation>
<Translation>0.0083963948001901101 0.012167300683155857 0.016455098726632714</Translation>
</Transform>
</Instance>
<Instance name="RollerWasher-1" uid="RollerWasher-1" entityUid="RollerWasher*:*Default">
<Transform>
<Rotation>1 0 0 0 1 0 0 0 1</Rotation>
<Translation>0.0083963948001901101 0.012167300683155802 0.024955098726632735</Translation>
</Transform>
</Instance>
<Instance name="RollerWasher-2" uid="RollerWasher-2" entityUid="RollerWasher*:*Default">
<Transform>
<Rotation>1 0 0 0 1 0 0 0 1</Rotation>
<Translation>0.0083963948001900546 0.012167300683155857 0.0074550987266327473</Translation>
</Transform>
</Instance>
</Instance>
<Instance name="RollerAxleSubAssembly-5" uid="RollerAxleSubAssembly-5" entityUid="RollerAxleSubAssembly" rigid="true">
<Transform>
<Rotation>-1.1102230246251563e-016 -0.93969262078590787 0.34202014332566999 -3.3306690738754686e-016 0.34202014332566999 0.93969262078590787 -1 0 -3.5095237890063662e-016</Rotation>
<Translation>0.093559581060565944 0.026814880193544166 0.069546949821740006</Translation>
</Transform>
<Instance name="RollerAxle-1" uid="RollerAxle-1" grounded="true" entityUid="RollerAxle*:*Default">
<Transform>
<Rotation>1 0 0 0 1 0 0 0 1</Rotation>
<Translation>0.0083963948001900823 0.012167300683155857 0.016455098726632644</Translation>
</Transform>
</Instance>
<Instance name="OmniRoller-1" uid="OmniRoller-1" entityUid="OmniRoller*:*Default">
<Transform>
<Rotation>0.88597744727858918 0.46372832878067183 0 -0.46372832878067177 0.88597744727858929 0 -1.1102230246251565e-016 0 0.99999999999999989</Rotation>
<Translation>0.0083963948001900823 0.012167300683155857 0.016455098726632644</Translation>
</Transform>
</Instance>
<Instance name="RollerWasher-1" uid="RollerWasher-1" entityUid="RollerWasher*:*Default">
<Transform>
<Rotation>1 0 0 0 1 0 0 0 1</Rotation>
<Translation>0.0083963948001900823 0.012167300683155829 0.024955098726632707</Translation>
</Transform>
</Instance>
<Instance name="RollerWasher-2" uid="RollerWasher-2" entityUid="RollerWasher*:*Default">
<Transform>
<Rotation>1 0 0 0 1 0 0 0 1</Rotation>
<Translation>0.0083963948001900546 0.012167300683155829 0.0074550987266326918</Translation>
</Transform>
</Instance>
</Instance>
<Instance name="OmniFrame-2" uid="OmniFrame-2" entityUid="OmniFrame*:*Default">
<Transform>
<Rotation>-0.49999999999999206 0.86602540378444326 0 0.86602540378444326 0.49999999999999206 1.0358521839084627e-016 0 1.1102230246251563e-016 -1</Rotation>
<Translation>0.046953148146194779 0.061289384808478953 0.066150555021549873</Translation>
</Transform>
</Instance>
<Instance name="RollerAxleSubAssembly-8" uid="RollerAxleSubAssembly-8" entityUid="RollerAxleSubAssembly" rigid="true">
<Transform>
<Rotation>1.3877787807814457e-016 0.76604444311898123 -0.6427876096865357 1.6653345369377348e-016 0.6427876096865357 0.76604444311898123 1 0 0</Rotation>
<Translation>0.014948402064887845 0.012953608351303492 0.052754160221359758</Translation>
</Transform>
<Instance name="RollerAxle-1" uid="RollerAxle-1" grounded="true" entityUid="RollerAxle*:*Default">
<Transform>
<Rotation>1 0 0 0 1 0 0 0 1</Rotation>
<Translation>0.0083963948001900268 0.012167300683155857 0.016455098726632714</Translation>
</Transform>
</Instance>
<Instance name="OmniRoller-1" uid="OmniRoller-1" entityUid="OmniRoller*:*Default">
<Transform>
<Rotation>0.88597744727858918 0.46372832878067177 1.2490009027033011e-016 -0.46372832878067183 0.88597744727858918 0 0 0 1</Rotation>
<Translation>0.0083963948001900268 0.012167300683155857 0.016455098726632714</Translation>
</Transform>
</Instance>
<Instance name="RollerWasher-1" uid="RollerWasher-1" entityUid="RollerWasher*:*Default">
<Transform>
<Rotation>1 0 0 0 1 0 0 0 1</Rotation>
<Translation>0.0083963948001900546 0.012167300683155802 0.024955098726632735</Translation>
</Transform>
</Instance>
<Instance name="RollerWasher-2" uid="RollerWasher-2" entityUid="RollerWasher*:*Default">
<Transform>
<Rotation>1 0 0 0 1 0 0 0 1</Rotation>
<Translation>0.0083963948001899991 0.012167300683155802 0.0074550987266327196</Translation>
</Transform>
</Instance>
</Instance>
<Instance name="RollerAxleSubAssembly-6" uid="RollerAxleSubAssembly-6" entityUid="RollerAxleSubAssembly" rigid="true">
<Transform>
<Rotation>-1.3877787807814454e-016 -0.49999999999999523 0.86602540378444148 -1.6653345369377343e-016 0.86602540378444148 0.49999999999999523 -1 0 -2.0345189474585905e-016</Rotation>
<Translation>0.06049596267728452 0.0049223445098836582 0.069546949821739978</Translation>
</Transform>
<Instance name="RollerAxle-1" uid="RollerAxle-1" grounded="true" entityUid="RollerAxle*:*Default">
<Transform>
<Rotation>1 0 0 0 1 0 0 0 1</Rotation>
<Translation>0.0083963948001901101 0.012167300683155871 0.016455098726632755</Translation>
</Transform>
</Instance>
<Instance name="OmniRoller-1" uid="OmniRoller-1" entityUid="OmniRoller*:*Default">
<Transform>
<Rotation>0.88597744727858918 0.46372832878067166 2.482106990317866e-016 -0.46372832878067172 0.88597744727858907 0 -2.2204460492503126e-016 -1.1102230246251556e-016 0.99999999999999989</Rotation>
<Translation>0.0083963948001901101 0.012167300683155871 0.016455098726632755</Translation>
</Transform>
</Instance>
<Instance name="RollerWasher-1" uid="RollerWasher-1" entityUid="RollerWasher*:*Default">
<Transform>
<Rotation>1 0 0 0 1 0 0 0 1</Rotation>
<Translation>0.0083963948001901378 0.012167300683155871 0.024955098726632763</Translation>
</Transform>
</Instance>
<Instance name="RollerWasher-2" uid="RollerWasher-2" entityUid="RollerWasher*:*Default">
<Transform>
<Rotation>1 0 0 0 1 0 0 0 1</Rotation>
<Translation>0.0083963948001901378 0.012167300683155843 0.0074550987266327473</Translation>
</Transform>
</Instance>
</Instance>
<Instance name="RollerAxleSubAssembly-7" uid="RollerAxleSubAssembly-7" entityUid="RollerAxleSubAssembly" rigid="true">
<Transform>
<Rotation>1.3877787807814457e-016 0.17364817766693411 -0.98480775301220747 1.6653345369377348e-016 0.98480775301220747 0.17364817766693411 1 0 0</Rotation>
<Translation>0.053505728468426494 0.0036897776173906993 0.052754160221359786</Translation>
</Transform>
<Instance name="RollerAxle-1" uid="RollerAxle-1" grounded="true" entityUid="RollerAxle*:*Default">
<Transform>
<Rotation>1 0 0 0 1 0 0 0 1</Rotation>
<Translation>0.0083963948001901101 0.012167300683155857 0.016455098726632811</Translation>
</Transform>
</Instance>
<Instance name="OmniRoller-1" uid="OmniRoller-1" entityUid="OmniRoller*:*Default">
<Transform>
<Rotation>0.88597744727858918 0.46372832878067183 0 -0.46372832878067183 0.88597744727858907 0 0 0 0.99999999999999967</Rotation>
<Translation>0.0083963948001901101 0.012167300683155857 0.016455098726632811</Translation>
</Transform>
</Instance>
<Instance name="RollerWasher-1" uid="RollerWasher-1" entityUid="RollerWasher*:*Default">
<Transform>
<Rotation>1 0 0 0 1 0 0 0 1</Rotation>
<Translation>0.0083963948001900546 0.012167300683155857 0.024955098726632763</Translation>
</Transform>
</Instance>
<Instance name="RollerWasher-2" uid="RollerWasher-2" entityUid="RollerWasher*:*Default">
<Transform>
<Rotation>1 0 0 0 1 0 0 0 1</Rotation>
<Translation>0.0083963948001901378 0.012167300683155857 0.0074550987266327473</Translation>
</Transform>
</Instance>
</Instance>
<Instance name="RollerAxleSubAssembly-9" uid="RollerAxleSubAssembly-9" entityUid="RollerAxleSubAssembly" rigid="true">
<Transform>
<Rotation>-1.1102230246251563e-016 -1 0 -1.1102230246251563e-016 0 1 -1 1.1102230246251573e-016 -1.1102230246251563e-016</Rotation>
<Translation>0.01570105341223671 0.044834286081846142 0.069546949821739978</Translation>
</Transform>
<Instance name="RollerAxle-1" uid="RollerAxle-1" grounded="true" entityUid="RollerAxle*:*Default">
<Transform>
<Rotation>1 0 0 0 1 0 0 0 1</Rotation>
<Translation>0.0083963948001901101 0.012167300683155857 0.016455098726632811</Translation>
</Transform>
</Instance>
<Instance name="OmniRoller-1" uid="OmniRoller-1" entityUid="OmniRoller*:*Default">
<Transform>
<Rotation>0.88597744727858896 0.46372832878067183 1.6653345369377348e-016 -0.46372832878067172 0.88597744727858896 0 -1.2490009027033011e-016 -1.1102230246251565e-016 1</Rotation>
<Translation>0.0083963948001901101 0.012167300683155857 0.016455098726632811</Translation>
</Transform>
</Instance>
<Instance name="RollerWasher-1" uid="RollerWasher-1" entityUid="RollerWasher*:*Default">
<Transform>
<Rotation>1 0 0 0 1 0 0 0 1</Rotation>
<Translation>0.0083963948001901101 0.012167300683155857 0.024955098726632763</Translation>
</Transform>
</Instance>
<Instance name="RollerWasher-2" uid="RollerWasher-2" entityUid="RollerWasher*:*Default">
<Transform>
<Rotation>1 0 0 0 1 0 0 0 1</Rotation>
<Translation>0.0083963948001901101 0.012167300683155829 0.0074550987266327473</Translation>
</Transform>
</Instance>
</Instance>
</Instance>
<Instance name="OmniWheel-2" uid="OmniWheel-2" entityUid="OmniWheel" rigid="true">
<Transform>
<Rotation>0.50000000000001021 0.86602540378443293 0 -0.86602540378443282 0.50000000000001033 1.6653345369377348e-016 0 0 1</Rotation>
<Translation>-0.058128463159289379 0.039716264706276871 -0.052238314471320074</Translation>
</Transform>
<Instance name="RollerAxleSubAssembly-2" uid="RollerAxleSubAssembly-2" entityUid="RollerAxleSubAssembly" rigid="true">
<Transform>
<Rotation>0 -0.17364817766693508 -0.98480775301220724 -1.1102230246251563e-016 0.98480775301220724 -0.17364817766693508 1 1.0451591909660091e-016 0</Rotation>
<Translation>0.057731387649937793 0.094924087907562016 0.052754160221359758</Translation>
</Transform>
<Instance name="RollerAxle-1" uid="RollerAxle-1" grounded="true" entityUid="RollerAxle*:*Default">
<Transform>
<Rotation>1 0 0 0 1 0 0 0 1</Rotation>
<Translation>0.0083963948001900546 0.012167300683155913 0.016455098726632755</Translation>
</Transform>
</Instance>
<Instance name="OmniRoller-1" uid="OmniRoller-1" entityUid="OmniRoller*:*Default">
<Transform>
<Rotation>0.88597744727858918 0.46372832878067172 0 -0.46372832878067172 0.88597744727858918 0 0 0 1</Rotation>
<Translation>0.0083963948001900546 0.012167300683155913 0.016455098726632755</Translation>
</Transform>
</Instance>
<Instance name="RollerWasher-1" uid="RollerWasher-1" entityUid="RollerWasher*:*Default">
<Transform>
<Rotation>1 0 0 0 1 0 0 0 1</Rotation>
<Translation>0.0083963948001901101 0.012167300683155913 0.024955098726632721</Translation>
</Transform>
</Instance>
<Instance name="RollerWasher-2" uid="RollerWasher-2" entityUid="RollerWasher*:*Default">
<Transform>
<Rotation>1 0 0 0 1 0 0 0 1</Rotation>
<Translation>0.0083963948001901101 0.012167300683155913 0.0074550987266327196</Translation>
</Transform>
</Instance>
</Instance>
<Instance name="RollerAxleSubAssembly-4" uid="RollerAxleSubAssembly-4" entityUid="RollerAxleSubAssembly" rigid="true">
<Transform>
<Rotation>0 0.93969262078590821 -0.34202014332566866 0 0.34202014332566866 0.93969262078590821 1 0 1.1102230246251565e-016</Rotation>
<Translation>0.081948486176718155 0.056515495880894273 0.052754160221359814</Translation>
</Transform>
<Instance name="RollerAxle-1" uid="RollerAxle-1" grounded="true" entityUid="RollerAxle*:*Default">
<Transform>
<Rotation>1 0 0 0 1 0 0 0 1</Rotation>
<Translation>0.0083963948001900268 0.012167300683155871 0.016455098726632755</Translation>
</Transform>
</Instance>
<Instance name="OmniRoller-1" uid="OmniRoller-1" entityUid="OmniRoller*:*Default">
<Transform>
<Rotation>0.88597744727858907 0.46372832878067172 0 -0.46372832878067172 0.88597744727858896 0 0 0 0.99999999999999978</Rotation>
<Translation>0.0083963948001900268 0.012167300683155871 0.016455098726632755</Translation>
</Transform>
</Instance>
<Instance name="RollerWasher-1" uid="RollerWasher-1" entityUid="RollerWasher*:*Default">
<Transform>
<Rotation>1 0 0 0 1 0 0 0 1</Rotation>
<Translation>0.0083963948001900268 0.012167300683155857 0.024955098726632763</Translation>
</Transform>
</Instance>
<Instance name="RollerWasher-2" uid="RollerWasher-2" entityUid="RollerWasher*:*Default">
<Transform>
<Rotation>1 0 0 0 1 0 0 0 1</Rotation>
<Translation>0.0083963948001900546 0.01216730068315585 0.0074550987266327473</Translation>
</Transform>
</Instance>
</Instance>
<Instance name="OmniFrame-1" uid="OmniFrame-1" grounded="true" entityUid="OmniFrame*:*Default">
<Transform>
<Rotation>1 0 0 0 1 0 0 0 1</Rotation>
<Translation>0.046953148146194723 0.061289384808478897 0.056150555021549919</Translation>
</Transform>
</Instance>
<Instance name="RollerAxleSubAssembly-1" uid="RollerAxleSubAssembly-1" entityUid="RollerAxleSubAssembly" rigid="true">
<Transform>
<Rotation>-1.1102230246251565e-016 0.76604444311898157 -0.64278760968653503 2.2204460492503131e-016 -0.64278760968653526 -0.76604444311898168 -1 -2.7755575615628914e-016 0</Rotation>
<Translation>0.014948402064887817 0.1096251612656543 0.069546949821740034</Translation>
</Transform>
<Instance name="RollerAxle-1" uid="RollerAxle-1" grounded="true" entityUid="RollerAxle*:*Default">
<Transform>
<Rotation>1 0 0 0 1 0 0 0 1</Rotation>
<Translation>0.0083963948001901656 0.012167300683155913 0.016455098726632755</Translation>
</Transform>
</Instance>
<Instance name="OmniRoller-1" uid="OmniRoller-1" entityUid="OmniRoller*:*Default">
<Transform>
<Rotation>0.88597744727858896 0.46372832878067194 0 -0.46372832878067188 0.88597744727858907 -1.6271848959963681e-016 -1.3877787807814457e-016 1.1102230246251563e-016 1</Rotation>
<Translation>0.0083963948001901656 0.012167300683155913 0.016455098726632755</Translation>
</Transform>
</Instance>
<Instance name="RollerWasher-1" uid="RollerWasher-1" entityUid="RollerWasher*:*Default">
<Transform>
<Rotation>1 0 0 0 1 0 0 0 1</Rotation>
<Translation>0.0083963948001901378 0.012167300683155857 0.024955098726632763</Translation>
</Transform>
</Instance>
<Instance name="RollerWasher-2" uid="RollerWasher-2" entityUid="RollerWasher*:*Default">
<Transform>
<Rotation>1 0 0 0 1 0 0 0 1</Rotation>
<Translation>0.0083963948001901378 0.012167300683155913 0.0074550987266327473</Translation>
</Transform>
</Instance>
</Instance>
<Instance name="RollerAxleSubAssembly-3" uid="RollerAxleSubAssembly-3" entityUid="RollerAxleSubAssembly" rigid="true">
<Transform>
<Rotation>-1.1102230246251565e-016 0.50000000000000011 -0.8660254037844386 -1.1102230246251565e-016 0.86602540378443882 0.50000000000000022 1 0 0</Rotation>
<Translation>0.076829729032218547 0.080126943406248041 0.052754160221359814</Translation>
</Transform>
<Instance name="RollerAxle-1" uid="RollerAxle-1" grounded="true" entityUid="RollerAxle*:*Default">
<Transform>
<Rotation>1 0 0 0 1 0 0 0 1</Rotation>
<Translation>0.0083963948001901101 0.012167300683155857 0.0164550987266327</Translation>
</Transform>
</Instance>
<Instance name="OmniRoller-1" uid="OmniRoller-1" entityUid="OmniRoller*:*Default">
<Transform>
<Rotation>0.88597744727858918 0.46372832878067194 1.1102230246251565e-016 -0.46372832878067188 0.88597744727858929 0 0 1.6653345369377348e-016 1</Rotation>
<Translation>0.0083963948001901101 0.012167300683155857 0.0164550987266327</Translation>
</Transform>
</Instance>
<Instance name="RollerWasher-1" uid="RollerWasher-1" entityUid="RollerWasher*:*Default">
<Transform>
<Rotation>1 0 0 0 1 0 0 0 1</Rotation>
<Translation>0.0083963948001901101 0.012167300683155857 0.024955098726632763</Translation>
</Transform>
</Instance>
<Instance name="RollerWasher-2" uid="RollerWasher-2" entityUid="RollerWasher*:*Default">
<Transform>
<Rotation>1 0 0 0 1 0 0 0 1</Rotation>
<Translation>0.0083963948001900268 0.012167300683155857 0.0074550987266326363</Translation>
</Transform>
</Instance>
</Instance>
<Instance name="RollerAxleSubAssembly-5" uid="RollerAxleSubAssembly-5" entityUid="RollerAxleSubAssembly" rigid="true">
<Transform>
<Rotation>0 -0.93969262078590776 0.34202014332566977 -1.6653345369377348e-016 0.34202014332566999 0.93969262078590798 -1 0 -2.2204460492503131e-016</Rotation>
<Translation>0.093559581060565833 0.026814880193544111 0.069546949821740034</Translation>
</Transform>
<Instance name="RollerAxle-1" uid="RollerAxle-1" grounded="true" entityUid="RollerAxle*:*Default">
<Transform>
<Rotation>1 0 0 0 1 0 0 0 1</Rotation>
<Translation>0.0083963948001901378 0.012167300683155857 0.016455098726632755</Translation>
</Transform>
</Instance>
<Instance name="OmniRoller-1" uid="OmniRoller-1" entityUid="OmniRoller*:*Default">
<Transform>
<Rotation>0.88597744727858918 0.46372832878067177 0 -0.46372832878067177 0.88597744727858918 -1.4754488419009661e-016 0 1.6653345369377353e-016 1</Rotation>
<Translation>0.0083963948001901378 0.012167300683155857 0.016455098726632755</Translation>
</Transform>
</Instance>
<Instance name="RollerWasher-1" uid="RollerWasher-1" entityUid="RollerWasher*:*Default">
<Transform>
<Rotation>1 0 0 0 1 0 0 0 1</Rotation>
<Translation>0.0083963948001901101 0.012167300683155857 0.024955098726632707</Translation>
</Transform>
</Instance>
<Instance name="RollerWasher-2" uid="RollerWasher-2" entityUid="RollerWasher*:*Default">
<Transform>
<Rotation>1 0 0 0 1 0 0 0 1</Rotation>
<Translation>0.0083963948001901656 0.012167300683155829 0.0074550987266327473</Translation>
</Transform>
</Instance>
</Instance>
<Instance name="OmniFrame-2" uid="OmniFrame-2" entityUid="OmniFrame*:*Default">
<Transform>
<Rotation>-0.49999999999999201 0.86602540378444326 0 0.86602540378444337 0.49999999999999201 0 0 0 -1</Rotation>
<Translation>0.046953148146194751 0.061289384808478953 0.066150555021549873</Translation>
</Transform>
</Instance>
<Instance name="RollerAxleSubAssembly-8" uid="RollerAxleSubAssembly-8" entityUid="RollerAxleSubAssembly" rigid="true">
<Transform>
<Rotation>0 0.76604444311898123 -0.64278760968653559 0 0.64278760968653559 0.76604444311898134 1 2.0816681711721685e-016 0</Rotation>
<Translation>0.014948402064887817 0.012953608351303492 0.052754160221359814</Translation>
</Transform>
<Instance name="RollerAxle-1" uid="RollerAxle-1" grounded="true" entityUid="RollerAxle*:*Default">
<Transform>
<Rotation>1 0 0 0 1 0 0 0 1</Rotation>
<Translation>0.0083963948001899991 0.012167300683155843 0.0164550987266327</Translation>
</Transform>
</Instance>
<Instance name="OmniRoller-1" uid="OmniRoller-1" entityUid="OmniRoller*:*Default">
<Transform>
<Rotation>0.88597744727858918 0.46372832878067166 0 -0.46372832878067166 0.88597744727858918 0 0 0 1</Rotation>
<Translation>0.0083963948001899991 0.012167300683155843 0.0164550987266327</Translation>
</Transform>
</Instance>
<Instance name="RollerWasher-1" uid="RollerWasher-1" entityUid="RollerWasher*:*Default">
<Transform>
<Rotation>1 0 0 0 1 0 0 0 1</Rotation>
<Translation>0.0083963948001899991 0.012167300683155857 0.024955098726632763</Translation>
</Transform>
</Instance>
<Instance name="RollerWasher-2" uid="RollerWasher-2" entityUid="RollerWasher*:*Default">
<Transform>
<Rotation>1 0 0 0 1 0 0 0 1</Rotation>
<Translation>0.0083963948001901101 0.012167300683155829 0.0074550987266327473</Translation>
</Transform>
</Instance>
</Instance>
<Instance name="RollerAxleSubAssembly-6" uid="RollerAxleSubAssembly-6" entityUid="RollerAxleSubAssembly" rigid="true">
<Transform>
<Rotation>0 -0.49999999999999512 0.86602540378444126 0 0.86602540378444159 0.49999999999999517 -1 0 0</Rotation>
<Translation>0.060495962677284465 0.0049223445098836582 0.069546949821739978</Translation>
</Transform>
<Instance name="RollerAxle-1" uid="RollerAxle-1" grounded="true" entityUid="RollerAxle*:*Default">
<Transform>
<Rotation>1 0 0 0 1 0 0 0 1</Rotation>
<Translation>0.0083963948001900546 0.012167300683155913 0.016455098726632714</Translation>
</Transform>
</Instance>
<Instance name="OmniRoller-1" uid="OmniRoller-1" entityUid="OmniRoller*:*Default">
<Transform>
<Rotation>0.88597744727858907 0.46372832878067172 0 -0.46372832878067183 0.88597744727858918 0 0 1.1796119636642288e-016 0.99999999999999978</Rotation>
<Translation>0.0083963948001900546 0.012167300683155913 0.016455098726632714</Translation>
</Transform>
</Instance>
<Instance name="RollerWasher-1" uid="RollerWasher-1" entityUid="RollerWasher*:*Default">
<Transform>
<Rotation>1 0 0 0 1 0 0 0 1</Rotation>
<Translation>0.0083963948001901101 0.012167300683155857 0.024955098726632735</Translation>
</Transform>
</Instance>
<Instance name="RollerWasher-2" uid="RollerWasher-2" entityUid="RollerWasher*:*Default">
<Transform>
<Rotation>1 0 0 0 1 0 0 0 1</Rotation>
<Translation>0.0083963948001901101 0.012167300683155857 0.0074550987266327334</Translation>
</Transform>
</Instance>
</Instance>
<Instance name="RollerAxleSubAssembly-7" uid="RollerAxleSubAssembly-7" entityUid="RollerAxleSubAssembly" rigid="true">
<Transform>
<Rotation>0 0.17364817766693394 -0.98480775301220747 0 0.98480775301220747 0.17364817766693394 1 0 0</Rotation>
<Translation>0.053505728468426494 0.0036897776173906438 0.052754160221359786</Translation>
</Transform>
<Instance name="RollerAxle-1" uid="RollerAxle-1" grounded="true" entityUid="RollerAxle*:*Default">
<Transform>
<Rotation>1 0 0 0 1 0 0 0 1</Rotation>
<Translation>0.0083963948001901378 0.012167300683155857 0.016455098726632755</Translation>
</Transform>
</Instance>
<Instance name="OmniRoller-1" uid="OmniRoller-1" entityUid="OmniRoller*:*Default">
<Transform>
<Rotation>0.88597744727858885 0.46372832878067194 0 -0.46372832878067194 0.88597744727858896 0 0 0 0.99999999999999989</Rotation>
<Translation>0.0083963948001901378 0.012167300683155857 0.016455098726632755</Translation>
</Transform>
</Instance>
<Instance name="RollerWasher-1" uid="RollerWasher-1" entityUid="RollerWasher*:*Default">
<Transform>
<Rotation>1 0 0 0 1 0 0 0 1</Rotation>
<Translation>0.0083963948001900823 0.012167300683155857 0.024955098726632707</Translation>
</Transform>
</Instance>
<Instance name="RollerWasher-2" uid="RollerWasher-2" entityUid="RollerWasher*:*Default">
<Transform>
<Rotation>1 0 0 0 1 0 0 0 1</Rotation>
<Translation>0.0083963948001901378 0.012167300683155857 0.0074550987266326918</Translation>
</Transform>
</Instance>
</Instance>
<Instance name="RollerAxleSubAssembly-9" uid="RollerAxleSubAssembly-9" entityUid="RollerAxleSubAssembly" rigid="true">
<Transform>
<Rotation>0 -0.99999999999999989 0 0 0 1 -1 0 0</Rotation>
<Translation>0.01570105341223671 0.044834286081846197 0.069546949821739951</Translation>
</Transform>
<Instance name="RollerAxle-1" uid="RollerAxle-1" grounded="true" entityUid="RollerAxle*:*Default">
<Transform>
<Rotation>1 0 0 0 1 0 0 0 1</Rotation>
<Translation>0.0083963948001901378 0.012167300683155857 0.016455098726632755</Translation>
</Transform>
</Instance>
<Instance name="OmniRoller-1" uid="OmniRoller-1" entityUid="OmniRoller*:*Default">
<Transform>
<Rotation>0.88597744727858918 0.46372832878067183 0 -0.46372832878067183 0.88597744727858918 1.1102230246251565e-016 -1.1102230246251565e-016 0 0.99999999999999989</Rotation>
<Translation>0.0083963948001901378 0.012167300683155857 0.016455098726632755</Translation>
</Transform>
</Instance>
<Instance name="RollerWasher-1" uid="RollerWasher-1" entityUid="RollerWasher*:*Default">
<Transform>
<Rotation>1 0 0 0 1 0 0 0 1</Rotation>
<Translation>0.0083963948001900823 0.012167300683155857 0.024955098726632763</Translation>
</Transform>
</Instance>
<Instance name="RollerWasher-2" uid="RollerWasher-2" entityUid="RollerWasher*:*Default">
<Transform>
<Rotation>1 0 0 0 1 0 0 0 1</Rotation>
<Translation>0.0083963948001900546 0.012167300683155857 0.0074550987266327473</Translation>
</Transform>
</Instance>
</Instance>
</Instance>
<Instance name="OmniWheelJoint-1" uid="OmniWheelJoint-1" grounded="true" entityUid="OmniWheelJoint*:*Default">
<Transform>
<Rotation>1 0 0 0 1 0 0 0 1</Rotation>
<Translation>0.018426275140270953 0.029698338028258386 0.013912240550229799</Translation>
</Transform>
</Instance>
</Instance>
<Instance name="TwoOmniWheelAxleAssembly-1" uid="TwoOmniWheelAxleAssembly-1" entityUid="TwoOmniWheelAxleAssembly" rigid="true">
<Transform>
<Rotation>-0.35767816658755847 0.70502931084215026 0.6123724356957988 -0.64663150822050164 0.28612530922041479 -0.70710678118654835 -0.67374625915328246 -0.6488959687630711 0.35355339059326429</Rotation>
<Translation>0.061428344038216162 0.22495496393725606 0.22740845496773343</Translation>
</Transform>
<Instance name="OmniWheel-1" uid="OmniWheel-1" entityUid="OmniWheel" rigid="true">
<Transform>
<Rotation>1 0 0 0 1 0 0 0 1</Rotation>
<Translation>-0.028526873005923381 -0.031591046780220816 -0.032238314471320098</Translation>
</Transform>
<Instance name="RollerAxleSubAssembly-2" uid="RollerAxleSubAssembly-2" entityUid="RollerAxleSubAssembly" rigid="true">
<Transform>
<Rotation>0 -0.17364817766693522 -0.98480775301220724 -1.1102230246251568e-016 0.98480775301220724 -0.17364817766693522 1 1.141553293481025e-016 0</Rotation>
<Translation>0.057731387649937793 0.094924087907561919 0.052754160221359786</Translation>
</Transform>
<Instance name="RollerAxle-1" uid="RollerAxle-1" grounded="true" entityUid="RollerAxle*:*Default">
<Transform>
<Rotation>1 0 0 0 1 0 0 0 1</Rotation>
<Translation>0.0083963948001901101 0.012167300683155857 0.016455098726632755</Translation>
</Transform>
</Instance>
<Instance name="OmniRoller-1" uid="OmniRoller-1" entityUid="OmniRoller*:*Default">
<Transform>
<Rotation>0.88597744727858907 0.46372832878067183 -1.346738374955154e-016 -0.46372832878067183 0.88597744727858907 1.0181709419916977e-016 1.6653345369377353e-016 0 0.99999999999999989</Rotation>
<Translation>0.0083963948001901101 0.012167300683155857 0.016455098726632755</Translation>
</Transform>
</Instance>
<Instance name="RollerWasher-1" uid="RollerWasher-1" entityUid="RollerWasher*:*Default">
<Transform>
<Rotation>1 0 0 0 1 0 0 0 1</Rotation>
<Translation>0.0083963948001901101 0.012167300683155843 0.024955098726632707</Translation>
</Transform>
</Instance>
<Instance name="RollerWasher-2" uid="RollerWasher-2" entityUid="RollerWasher*:*Default">
<Transform>
<Rotation>1 0 0 0 1 0 0 0 1</Rotation>
<Translation>0.0083963948001900962 0.012167300683155871 0.0074550987266327473</Translation>
</Transform>
</Instance>
</Instance>
<Instance name="RollerAxleSubAssembly-4" uid="RollerAxleSubAssembly-4" entityUid="RollerAxleSubAssembly" rigid="true">
<Transform>
<Rotation>0 0.93969262078590865 -0.3420201433256686 0 0.34202014332566866 0.93969262078590843 0.99999999999999989 0 0</Rotation>
<Translation>0.081948486176718127 0.056515495880894287 0.0527541602213598</Translation>
</Transform>
<Instance name="RollerAxle-1" uid="RollerAxle-1" grounded="true" entityUid="RollerAxle*:*Default">
<Transform>
<Rotation>1 0 0 0 1 0 0 0 1</Rotation>
<Translation>0.0083963948001901101 0.012167300683155857 0.016455098726632741</Translation>
</Transform>
</Instance>
<Instance name="OmniRoller-1" uid="OmniRoller-1" entityUid="OmniRoller*:*Default">
<Transform>
<Rotation>0.88597744727858896 0.46372832878067199 0 -0.46372832878067194 0.88597744727858907 0 0 0 1</Rotation>
<Translation>0.0083963948001901101 0.012167300683155857 0.016455098726632741</Translation>
</Transform>
</Instance>
<Instance name="RollerWasher-1" uid="RollerWasher-1" entityUid="RollerWasher*:*Default">
<Transform>
<Rotation>1 0 0 0 1 0 0 0 1</Rotation>
<Translation>0.008396394800190124 0.012167300683155857 0.024955098726632735</Translation>
</Transform>
</Instance>
<Instance name="RollerWasher-2" uid="RollerWasher-2" entityUid="RollerWasher*:*Default">
<Transform>
<Rotation>1 0 0 0 1 0 0 0 1</Rotation>
<Translation>0.008396394800190117 0.012167300683155857 0.0074550987266327334</Translation>
</Transform>
</Instance>
</Instance>
<Instance name="OmniFrame-1" uid="OmniFrame-1" grounded="true" entityUid="OmniFrame*:*Default">
<Transform>
<Rotation>1 0 0 0 1 0 0 0 1</Rotation>
<Translation>0.046953148146194779 0.061289384808478925 0.05615055502154985</Translation>
</Transform>
</Instance>
<Instance name="RollerAxleSubAssembly-1" uid="RollerAxleSubAssembly-1" entityUid="RollerAxleSubAssembly" rigid="true">
<Transform>
<Rotation>-1.6653345369377356e-016 0.76604444311898168 -0.64278760968653514 2.2204460492503141e-016 -0.64278760968653514 -0.76604444311898168 -1 -2.7029954763907939e-016 0</Rotation>
<Translation>0.014948402064887789 0.1096251612656543 0.069546949821739951</Translation>
</Transform>
<Instance name="RollerAxle-1" uid="RollerAxle-1" grounded="true" entityUid="RollerAxle*:*Default">
<Transform>
<Rotation>1 0 0 0 1 0 0 0 1</Rotation>
<Translation>0.0083963948001900823 0.012167300683155857 0.016455098726632728</Translation>
</Transform>
</Instance>
<Instance name="OmniRoller-1" uid="OmniRoller-1" entityUid="OmniRoller*:*Default">
<Transform>
<Rotation>0.88597744727858896 0.46372832878067183 0 -0.46372832878067183 0.88597744727858907 0 0 0 0.99999999999999989</Rotation>
<Translation>0.0083963948001900823 0.012167300683155857 0.016455098726632728</Translation>
</Transform>
</Instance>
<Instance name="RollerWasher-1" uid="RollerWasher-1" entityUid="RollerWasher*:*Default">
